Sample	salmon-percent_mapped	salmon-num_mapped	salmon-library_types	salmon-compatible_fragment_ratio	salmon-strand_mapping_bias	fastqc_raw-percent_duplicates	fastqc_raw-percent_gc	fastqc_raw-avg_sequence_length	fastqc_raw-median_sequence_length	fastqc_raw-percent_fails	fastqc_raw-total_sequences	cutadapt-percent_trimmed	fastqc_trimmed-percent_duplicates	fastqc_trimmed-percent_gc	fastqc_trimmed-avg_sequence_length	fastqc_trimmed-median_sequence_length	fastqc_trimmed-percent_fails	fastqc_trimmed-total_sequences
EV_1	85.02181084073054	14.412609999999999	ISR	100.0	0.0	58.62696152027657	53.5	51.0	51.0	22.727272727272727	34.135186	1.3243282223825712	58.144241657307795	53.5	50.487820309300645	51.0	31.818181818181817	33.903324
EV_1 Read 1						58.42271232807345	52.0	51.0	51	18.181818181818183	17.067593	1.3605342650272487	57.917868396986705	52.0	50.54876583782758	51	27.27272727272727	16.951662
EV_1 Read 2						58.83121071247971	55.0	51.0	51	27.27272727272727	17.067593	1.2881221797378937	58.37061491762887	55.0	50.42687478077371	51	36.36363636363637	16.951662
EV_2	86.15787750866289	13.197338	ISR	100.0	0.0	71.29591842855356	54.5	51.0	51.0	31.818181818181817	30.956447999999998	1.5444467748531678	70.88045712365864	54.5	50.45983165663704	51.0	36.36363636363637	30.635244
EV_2 Read 1						72.26534673132029	52.0	51.0	51	18.181818181818183	15.478223999999999	1.5632361702378215	71.7352171201643	52.0	50.539943928633306	51	27.27272727272727	15.317622
EV_2 Read 2						70.32649012578683	57.0	51.0	51	45.45454545454545	15.478223999999999	1.5256573794685142	70.02569712715301	57.0	50.37971938464077	51	45.45454545454545	15.317622
EV_3	85.33568514754515	12.182583	ISR	100.0	0.0	70.54447186427427	54.0	51.0	51.0	40.909090909090914	28.780334	1.4473154331227516	70.21076945462836	54.0	50.44414566164598	51.0	40.909090909090914	28.552142
EV_3 Read 1						71.60171695820091	51.0	51.0	51	27.27272727272727	14.390167	1.229123208597518	71.0770536770618	51.0	50.53765724476994	51	27.27272727272727	14.276071
EV_3 Read 2						69.48722677034762	57.0	51.0	51	54.54545454545454	14.390167	1.665507657647985	69.34448523219493	57.0	50.35063407852203	51	54.54545454545454	14.276071
GFI1B_1	85.30243382260072	12.028625	ISR	100.0	0.0	62.187748537354814	54.0	51.0	51.0	31.818181818181817	28.382369999999998	1.3230427281193966	61.7936646045526	54.0	50.47395577850347	51.0	36.36363636363637	28.202302
GFI1B_1 Read 1						62.46721914762213	52.0	51.0	51	18.181818181818183	14.191184999999999	1.2226323566907424	62.020387487498986	52.0	50.54819773222768	51	27.27272727272727	14.101151
GFI1B_1 Read 2						61.90827792708749	56.0	51.0	51	45.45454545454545	14.191184999999999	1.4234530995480508	61.56694172160621	56.0	50.39971382477927	51	45.45454545454545	14.101151
GFI1B_2	85.54861336457905	13.379354	ISR	100.0	0.0	57.095420598120185	53.0	51.0	51.0	22.727272727272727	31.508452	1.3503245190883273	56.584842292732944	53.0	50.489187232947394	51.0	31.818181818181817	31.27895
GFI1B_2 Read 1						56.72505475777277	52.0	51.0	51	18.181818181818183	15.754226	1.4262848410001352	56.19810996221286	52.0	50.54882520033441	51	27.27272727272727	15.639475
GFI1B_2 Read 2						57.46578643846761	54.0	51.0	51	27.27272727272727	15.754226	1.2743641971765196	56.97157462325303	54.0	50.42954926556038	51	36.36363636363637	15.639475
GFI1B_3	85.20248653016226	16.047136	ISR	100.0	0.0	59.180317852260366	54.0	51.0	51.0	22.727272727272727	38.252289999999995	1.739336902649309	58.34355376164891	54.0	50.49012826032673	51.0	31.818181818181817	37.668234
GFI1B_3 Read 1						58.99940170690912	53.0	51.0	51	18.181818181818183	19.126144999999998	2.2242757025967927	58.127297372663364	53.0	50.54859688935775	51	27.27272727272727	18.834117
GFI1B_3 Read 2						59.36123399761161	55.0	51.0	51	27.27272727272727	19.126144999999998	1.2543981027018252	58.55981015063446	55.0	50.431659631295695	51	36.36363636363637	18.834117
